   6.1326162e+02   4.5040728e+02
   6.2060293e+02   5.0309689e+02
   6.3643659e+02   5.5357942e+02
   6.6144454e+02   6.0143883e+02
   6.9455591e+02   6.4540008e+02
   7.3461657e+02   6.8405141e+02
   7.8204154e+02   7.1662443e+02
   8.3449897e+02   7.4196108e+02
   8.9122025e+02   7.5868448e+02
   9.4778870e+02   7.6636646e+02
   1.0048971e+03   7.6586297e+02
   1.0575139e+03   7.5812908e+02
   1.1154823e+03   7.4167729e+02
   1.1688737e+03   7.1624004e+02
   1.2183883e+03   6.8408333e+02
   1.2611363e+03   6.4524651e+02
   1.2965105e+03   6.0162867e+02
   1.3241309e+03   5.5386158e+02
   1.3431672e+03   5.0343830e+02
   1.3535964e+03   4.5116714e+02
   1.3554124e+03   3.9866337e+02
   1.3488716e+03   3.4807944e+02
   1.3342518e+03   2.9932964e+02
   1.3121081e+03   2.5347946e+02
   1.2824688e+03   2.1185517e+02
   1.2470020e+03   1.7511738e+02
   1.2057320e+03   1.4341101e+02
   1.1603852e+03   1.1753694e+02
   1.1114009e+03   9.8256151e+01
   1.0598795e+03   8.7343437e+01
   1.0056304e+03   8.2143140e+01
   9.5181613e+02   8.4537221e+01
   8.9280651e+02   9.5081497e+01
   8.4059761e+02   1.1201300e+02
   7.9310766e+02   1.3556548e+02
   7.5019104e+02   1.6473847e+02
   7.1070401e+02   1.9975852e+02
   6.7733118e+02   2.3964417e+02
   6.4994824e+02   2.8410863e+02
   6.2935437e+02   3.3138962e+02
   6.1700745e+02   3.8112689e+02
   6.1302824e+02   4.3269437e+02
   6.1741499e+02   4.8553602e+02
   6.3016386e+02   5.3684585e+02
   6.5232308e+02   5.8575611e+02
   6.8247722e+02   6.3143835e+02
   7.2056831e+02   6.7219291e+02
   7.6607137e+02   7.0691189e+02
   8.1709301e+02   7.3461115e+02
   8.7289336e+02   7.5436455e+02
   9.2934053e+02   7.6481422e+02
   9.8801807e+02   7.6695813e+02
   1.0418172e+03   7.6157812e+02
   1.0983923e+03   7.4756815e+02
   1.1526189e+03   7.2559645e+02
   1.2028869e+03   6.9525034e+02
   1.2476069e+03   6.5848543e+02
   1.2857353e+03   6.1623713e+02
   1.3162535e+03   5.6956422e+02
   1.3379916e+03   5.1944718e+02
   1.3514452e+03   4.6735171e+02
   1.3558834e+03   4.1515104e+02
   1.3516925e+03   3.6333296e+02
   1.3396864e+03   3.1333476e+02
   1.3190899e+03   2.6631911e+02
   1.2915205e+03   2.2265224e+02
   1.2574493e+03   1.8455172e+02
   1.2180255e+03   1.5144404e+02
