   5.9889522e+02   4.2986067e+02
   5.9531018e+02   4.7699263e+02
   5.9892952e+02   5.2437480e+02
   6.0842127e+02   5.6968301e+02
   6.2489068e+02   6.1256767e+02
   6.4895158e+02   6.5207814e+02
   6.8004717e+02   6.8659676e+02
   7.1788903e+02   7.1629039e+02
   7.6069152e+02   7.3851519e+02
   8.0626816e+02   7.5284670e+02
   8.5564313e+02   7.5958857e+02
   9.0343486e+02   7.5799308e+02
   9.6141995e+02   7.4821244e+02
   1.0160231e+03   7.2797551e+02
   1.0685679e+03   7.0013713e+02
   1.1185626e+03   6.6309968e+02
   1.1641355e+03   6.1861238e+02
   1.2017445e+03   5.7064124e+02
   1.2334454e+03   5.1772647e+02
   1.2574312e+03   4.6043549e+02
   1.2710736e+03   4.0239878e+02
   1.2755667e+03   3.4610171e+02
   1.2711806e+03   2.9327549e+02
   1.2582818e+03   2.4316773e+02
   1.2373515e+03   1.9816553e+02
   1.2086510e+03   1.5850532e+02
   1.1740738e+03   1.2654708e+02
   1.1346111e+03   1.0024954e+02
   1.0918356e+03   8.2173138e+01
   1.0443396e+03   7.2099591e+01
   9.9580599e+02   7.0625749e+01
   9.4673068e+02   7.5150117e+01
   8.9101424e+02   8.7525411e+01
   8.4279539e+02   1.0628092e+02
   7.9744993e+02   1.3114795e+02
   7.5538231e+02   1.6138915e+02
   7.1790837e+02   1.9622166e+02
   6.8340889e+02   2.3543854e+02
   6.5473996e+02   2.7667632e+02
   6.3078508e+02   3.2070402e+02
   6.1270666e+02   3.6815195e+02
   6.0104719e+02   4.1423455e+02
   5.9644371e+02   4.6272241e+02
   5.9788597e+02   5.0904887e+02
   6.0506098e+02   5.5454173e+02
   6.1911372e+02   5.9924819e+02
   6.4240233e+02   6.4411953e+02
   6.6908239e+02   6.7555532e+02
   7.0462975e+02   7.0707427e+02
   7.4647663e+02   7.3250989e+02
   7.9144873e+02   7.4939454e+02
   8.4037708e+02   7.5867690e+02
   8.8862066e+02   7.5966635e+02
   9.4383609e+02   7.5231897e+02
   9.9782454e+02   7.3624543e+02
   1.0527532e+03   7.0990550e+02
   1.1022749e+03   6.7673044e+02
   1.1497323e+03   6.3389871e+02
   1.1906586e+03   5.8643403e+02
   1.2244937e+03   5.3520322e+02
   1.2506511e+03   4.7905971e+02
   1.2678957e+03   4.2133197e+02
   1.2754787e+03   3.6314752e+02
   1.2736423e+03   3.0899598e+02
   1.2630551e+03   2.5711068e+02
   1.2436496e+03   2.1033380e+02
   1.2174175e+03   1.6909581e+02
   1.1844388e+03   1.3476161e+02
