   6.1562720e+02   6.8176174e+02
   6.4747572e+02   7.2403237e+02
   6.8548397e+02   7.6136925e+02
   7.2745426e+02   7.9296375e+02
   7.7290482e+02   8.1778231e+02
   8.2341225e+02   8.3722016e+02
   8.7337836e+02   8.4767555e+02
   9.1797682e+02   8.4994412e+02
   9.6306220e+02   8.4622077e+02
   1.0146506e+03   8.3154094e+02
   1.0648863e+03   8.0893801e+02
   1.1097570e+03   7.7703553e+02
   1.1514489e+03   7.3761550e+02
   1.1876314e+03   6.8874490e+02
   1.2162280e+03   6.3306578e+02
   1.2366291e+03   5.7296155e+02
   1.2473402e+03   5.1010855e+02
   1.2488133e+03   4.4269056e+02
   1.2401522e+03   3.7701782e+02
   1.2217400e+03   3.1388683e+02
   1.1933672e+03   2.5440866e+02
   1.1579831e+03   2.0024525e+02
   1.1155324e+03   1.5521583e+02
   1.0675628e+03   1.1723032e+02
   1.0141812e+03   8.8748108e+01
   9.5931054e+02   7.1298051e+01
   9.0322816e+02   6.3746681e+01
   8.4515320e+02   6.6397099e+01
   7.8494584e+02   8.0519127e+01
   7.3445664e+02   1.0308029e+02
   6.8749270e+02   1.3428409e+02
   6.4627177e+02   1.7219306e+02
   6.1256593e+02   2.1573587e+02
   5.8514364e+02   2.6378515e+02
   5.6531841e+02   3.1449432e+02
   5.5192628e+02   3.6831917e+02
   5.4629777e+02   4.2208626e+02
   5.4647139e+02   4.7817565e+02
   5.5441037e+02   5.3291396e+02
   5.6819951e+02   5.8611685e+02
   5.8938655e+02   6.3581438e+02
   6.1615550e+02   6.8358216e+02
   6.4789381e+02   7.2446331e+02
   6.8611650e+02   7.6212298e+02
   7.2893124e+02   7.9381487e+02
   7.7480714e+02   8.1914095e+02
   8.2441532e+02   8.3756874e+02
   8.7420325e+02   8.4814910e+02
   9.1789530e+02   8.4980179e+02
   9.6934442e+02   8.4521201e+02
   1.0162149e+03   8.3061337e+02
   1.0661603e+03   8.0763734e+02
   1.1120316e+03   7.7566761e+02
   1.1526867e+03   7.3466602e+02
   1.1890840e+03   6.8601766e+02
   1.2172292e+03   6.3128987e+02
   1.2368183e+03   5.7000330e+02
   1.2477922e+03   5.0644441e+02
   1.2482923e+03   4.3947309e+02
   1.2398915e+03   3.7587646e+02
   1.2204812e+03   3.1141977e+02
   1.1926054e+03   2.5129505e+02
   1.1561748e+03   1.9826170e+02
   1.1132540e+03   1.5331396e+02
   1.0648474e+03   1.1549721e+02
   1.0117813e+03   8.7845935e+01
   9.5605824e+02   7.0303963e+01
   8.9972310e+02   6.3706934e+01
