   6.6761362e+02   6.9601260e+02
   7.0664642e+02   7.4121509e+02
   7.5191942e+02   7.7998473e+02
   8.0167703e+02   8.1052421e+02
   8.5584704e+02   8.3447911e+02
   9.1316413e+02   8.4985513e+02
   9.7058516e+02   8.5641560e+02
   1.0260951e+03   8.5495415e+02
   1.0707052e+03   8.4637787e+02
   1.1252677e+03   8.2999903e+02
   1.1766304e+03   8.0600956e+02
   1.2262926e+03   7.7331094e+02
   1.2701449e+03   7.3453827e+02
   1.3082073e+03   6.8826933e+02
   1.3376526e+03   6.3825857e+02
   1.3598886e+03   5.8339648e+02
   1.3739322e+03   5.2538028e+02
   1.3786468e+03   4.6651402e+02
   1.3745082e+03   4.0702531e+02
   1.3613662e+03   3.4854156e+02
   1.3394655e+03   2.9274618e+02
   1.3082119e+03   2.4051446e+02
   1.2694270e+03   1.9351101e+02
   1.2230602e+03   1.5243960e+02
   1.1708640e+03   1.1930247e+02
   1.1140700e+03   9.4201694e+01
   1.0546456e+03   7.8718680e+01
   9.9211966e+02   7.2898953e+01
   9.2621692e+02   7.6717607e+01
   8.5099305e+02   9.5260250e+01
   7.9824146e+02   1.1929285e+02
   7.4361799e+02   1.5503787e+02
   6.9890451e+02   1.9478170e+02
   6.5854259e+02   2.4433653e+02
   6.2809546e+02   2.9793688e+02
   6.0612647e+02   3.5450467e+02
   5.9400926e+02   4.1330656e+02
   5.9106963e+02   4.7352515e+02
   5.9738261e+02   5.3426735e+02
   6.1272441e+02   5.9260428e+02
   6.3693796e+02   6.4697488e+02
   6.6869773e+02   6.9746872e+02
   7.0801057e+02   7.4199750e+02
   7.5298737e+02   7.7970495e+02
   8.0329950e+02   8.1079321e+02
   8.5767755e+02   8.3450603e+02
   9.1538379e+02   8.4989704e+02
   9.7302816e+02   8.5659285e+02
   1.0263552e+03   8.5449628e+02
   1.0726266e+03   8.4614185e+02
   1.1281682e+03   8.2986685e+02
   1.1805499e+03   8.0441279e+02
   1.2292092e+03   7.7171310e+02
   1.2722743e+03   7.3169247e+02
   1.3096821e+03   6.8622965e+02
   1.3391727e+03   6.3513422e+02
   1.3612226e+03   5.8109504e+02
   1.3745051e+03   5.2251689e+02
   1.3792673e+03   4.6307955e+02
   1.3744859e+03   4.0406585e+02
   1.3608789e+03   3.4620571e+02
   1.3383735e+03   2.9029436e+02
   1.3072036e+03   2.3806406e+02
   1.2677746e+03   1.9125973e+02
   1.2212834e+03   1.5045534e+02
   1.1692715e+03   1.1761948e+02
   1.1122281e+03   9.2919250e+01
   1.0517864e+03   7.7802719e+01
